image: mymap.pgm
resolution: 0.0304728004
origin: [-76.000000, -62.000000, 0.000000]
negate: 0
occupied_thresh: 0.65
free_thresh: 0.196